Version 0.9.7
5
 4 16 286 77 128 0 1
 5 346 523 206 81 2 2
 0 103 211 877 276 8 3
 6 687 29 449 130 140 4
 3 384 20 203 58 173 5
 1
50
 255 5 77 300 77 300 77 238 77 238 156 238 156 238 0 1 0 3
 255 5 923 238 923 238 1026 238 1026 472 923 472 923 472 0 3 0 3
 0 5 77 399 77 399 77 459 77 459 156 459 156 459 0 1 0 3
 0 5 923 459 923 459 1008 459 1008 225 923 225 923 225 0 3 0 3
 0 5 361 592 361 592 260 592 260 592 260 459 260 459 0 2 0 3
 255 5 361 534 361 534 312 534 312 534 312 472 312 472 0 2 0 3
 255 5 703 56 703 56 624 56 624 56 624 238 624 238 0 4 0 3
 255 5 442 420 442 420 442 420 442 472 442 472 442 472 0 3 0 3
 255 5 572 420 572 420 572 420 572 472 572 472 572 472 0 3 0 3
 0 5 429 277 429 277 429 277 429 225 429 225 429 225 0 3 0 3
 0 5 559 277 559 277 559 277 559 225 559 225 559 225 0 3 0 3
 0 5 351 420 351 420 351 420 351 459 351 459 351 459 0 3 0 3
 0 5 741 420 741 420 741 420 741 459 741 459 741 459 0 3 0 3
 255 5 273 277 273 277 273 277 273 238 273 238 273 238 0 3 0 3
 255 5 650 238 650 238 650 238 650 277 650 277 650 277 0 3 0 3
 16711935 5 724 152 724 152 724 167 689 167 689 277 689 277 0 4 0 3
 16711935 5 702 277 702 277 702 178 737 178 737 152 737 152 0 3 0 4
 16711935 5 715 277 715 277 715 188 750 188 750 152 750 152 0 3 0 4
 16711935 5 728 277 728 277 728 198 763 198 763 152 763 152 0 3 0 4
 16711935 5 741 277 741 277 741 207 776 207 776 152 776 152 0 3 0 4
 16711935 5 789 152 789 152 789 290 789 290 663 290 663 290 0 4 0 3
 16711935 5 802 152 802 152 802 303 802 303 676 303 676 303 0 4 0 3
 255 5 390 277 390 277 390 277 390 238 390 238 390 238 0 3 0 3
 255 5 429 420 429 420 429 420 429 472 429 472 429 472 0 3 0 3
 65280 5 416 303 416 303 416 303 442 303 442 303 442 303 0 3 0 3
 65280 5 312 381 312 381 312 335 442 335 442 316 442 316 0 3 0 3
 16776960 5 481 316 481 316 481 360 338 360 338 381 338 381 0 3 0 3
 65280 5 442 277 442 277 442 167 286 167 286 277 286 277 0 3 0 3
 16711680 5 455 277 455 277 455 181 299 181 299 277 299 277 0 3 0 3
 16744703 5 312 277 312 277 312 192 520 192 520 277 520 277 0 3 0 3
 16744703 5 520 316 520 316 520 361 559 361 559 381 559 381 0 3 0 3
 65280 5 442 290 442 290 442 290 572 290 572 290 572 290 0 3 0 3
 16744703 5 312 290 312 290 312 290 325 290 325 290 325 290 0 3 0 3
 33023 5 338 277 338 277 338 204 546 204 546 277 546 277 0 3 0 3
 16744576 5 611 277 611 277 611 153 351 153 351 277 351 277 0 3 0 3
 65280 5 572 316 572 316 579 316 579 432 728 432 728 420 0 3 0 3
 16711680 5 455 316 455 316 462 316 462 394 650 394 650 394 0 3 0 3
 33023 5 546 316 546 316 546 407 546 407 663 407 663 407 0 3 0 3
 65535 5 325 381 325 381 325 342 502 342 502 303 598 303 0 3 0 3
 128 5 519 534 519 534 520 534 520 534 520 420 520 420 0 2 0 3
 128 5 455 420 455 420 455 432 390 432 390 420 390 420 0 3 0 3
 128 5 455 407 455 407 455 407 520 407 520 407 520 407 0 3 0 3
 128 5 585 420 585 441 528 441 528 381 520 381 520 381 0 3 0 3
 65535 5 585 316 585 316 635 316 635 381 715 381 715 381 0 3 0 3
 65280 5 286 290 245 290 245 136 570 136 570 64 570 64 0 3 0 5
 16711680 5 299 303 299 303 233 303 233 123 550 123 550 64 0 3 0 5
 33023 5 338 316 338 316 221 316 221 108 530 108 530 64 0 3 0 5
 65535 5 585 277 585 277 585 83 510 83 510 64 510 64 0 3 0 5
 0 5 395 57 395 57 156 57 156 57 156 225 156 225 0 5 0 3
 128 5 519 560 519 621 177 621 177 91 430 91 430 64 0 2 0 5
4
 7076 1 16 384 329 5 0 1954425676 2001824095 3
 7076 1 16 514 329 5 0 1954425676 2001824095 3
 7047 1 16 644 329 5 0 1954425676 2001824095 3
 7008 1 14 267 329 5 0 1954425676 2001824095 3
