Version 0.9.7
5
 4 22 310 77 128 0 1
 5 278 568 206 81 2 2
 0 110 234 877 276 8 3
 3 532 100 203 58 140 4
 6 750 16 449 130 149 5
 1
42
 255 5 83 324 83 324 83 261 83 261 163 261 163 261 0 1 0 3
 255 5 930 261 930 261 1042 261 1042 495 930 495 930 495 0 3 0 3
 0 5 83 423 83 423 83 482 83 482 163 482 163 482 0 1 0 3
 0 5 930 482 930 482 1006 482 1006 248 930 248 930 248 0 3 0 3
 0 5 384 443 384 443 384 443 384 482 384 482 384 482 0 3 0 3
 0 5 488 300 488 300 488 300 488 248 488 248 488 248 0 3 0 3
 0 5 644 300 644 300 644 300 644 248 644 248 644 248 0 3 0 3
 255 5 306 300 306 300 306 300 306 261 306 261 306 261 0 3 0 3
 255 5 501 443 501 443 501 443 501 495 501 495 501 495 0 3 0 3
 255 5 657 495 657 495 657 495 657 443 657 443 657 443 0 3 0 3
 33023 5 605 261 605 261 605 261 605 300 605 300 605 300 0 3 0 3
 33023 5 644 443 644 443 644 443 644 495 644 495 644 495 0 3 0 3
 33023 5 618 300 618 300 618 300 618 144 618 144 618 144 0 3 0 4
 65280 5 540 339 540 339 540 339 618 339 618 339 618 339 0 3 0 3
 65280 5 514 300 514 300 514 212 598 212 598 144 598 144 0 3 0 4
 16711680 5 514 339 514 339 514 339 358 339 358 339 358 339 0 3 0 3
 16711680 5 371 313 371 313 371 313 618 313 618 313 618 313 0 3 0 3
 255 5 293 579 293 579 254 579 254 579 254 495 254 495 0 2 0 3
 0 5 293 637 293 637 215 637 215 637 215 482 215 482 0 2 0 3
 16711680 5 384 300 384 300 384 300 449 300 449 300 449 300 0 3 0 3
 16711680 5 449 326 449 326 428 326 428 417 488 417 488 417 0 3 0 3
 16711680 5 462 300 462 300 462 186 578 186 578 144 578 144 0 3 0 4
 16711935 5 451 579 451 579 449 579 449 579 449 443 449 443 0 2 0 3
 16711935 5 514 404 514 404 514 404 449 404 449 404 449 404 0 3 0 3
 16711935 5 605 417 605 417 605 417 514 417 514 417 514 417 0 3 0 3
 16711935 5 605 404 605 404 718 404 718 404 718 144 718 144 0 3 0 4
 0 5 839 443 839 443 839 443 839 482 839 482 839 482 0 3 0 3
 255 5 748 300 748 300 748 300 748 261 748 261 748 261 0 3 0 3
 255 5 766 43 766 43 189 43 189 43 189 261 189 261 0 5 0 3
 16711680 5 462 326 462 326 462 523 761 523 761 430 761 430 0 3 0 3
 65280 5 540 300 540 300 540 279 501 279 501 300 501 300 0 3 0 3
 65280 5 514 326 514 326 529 326 529 430 748 430 748 430 0 3 0 3
 33023 5 826 404 826 404 826 364 638 364 638 326 618 326 0 3 0 3
 65535 5 813 443 813 443 813 443 813 482 813 482 813 482 0 3 0 3
 16776960 5 787 300 787 300 787 300 787 139 787 139 787 139 0 3 0 5
 16776960 5 800 300 800 300 800 300 800 139 800 139 800 139 0 3 0 5
 16776960 5 813 139 813 139 813 139 813 300 813 300 813 300 0 5 0 3
 16776960 5 826 300 826 300 826 300 826 139 826 139 826 139 0 3 0 5
 16776960 5 839 139 839 139 839 139 839 300 839 300 839 300 0 5 0 3
 16776960 5 852 139 852 139 852 179 761 179 761 300 761 300 0 5 0 3
 16776960 5 774 300 774 300 774 199 865 199 865 139 865 139 0 3 0 5
 0 5 543 137 543 137 397 137 397 137 397 248 397 248 0 4 0 3
4
 7008 1 14 300 352 5 0 1277247408 8583512 3
 7076 1 16 443 352 5 0 1277247408 8583512 3
 7076 1 16 599 352 5 0 1277247408 8583512 3
 7047 1 16 742 352 5 0 1277247408 8583512 3
